1882 [48, 47, 1]
1880 [47, 47, 1]
1797 [43, 47, 1]
1801 [43, 46, 1]
1798 [43, 47, 1]
1799 [43, 47, 1]
11168 [48, 55, 1]
2274 [69, 36, 1]
2204 [22, 46, 1]
1802 [44, 47, 1]
10798 [57, 47, 1]
10796 [55, 48, 1]
10797 [56, 47, 1]
18056 [51, 47, 1]
18055 [51, 47, 1]
2205 [22, 45, 1]
1833 [34, 47, 1]
1827 [35, 45, 1]
10795 [55, 48, 1]
1828 [36, 46, 1]
1009 [51, 57, 1]
1832 [34, 47, 1]
1663 [26, 45, 1]
1814 [42, 45, 1]
1894 [35, 51, 1]
16509 [82, 24, 1]
10814 [59, 47, 1]
10802 [48, 55, 1]
1813 [41, 45, 1]
138 [51, 57, 1]
10497 [23, 46, 1]
1853 [47, 47, 1]
41 [51, 57, 1]
1830 [35, 47, 1]
19063 [53, 52, 1]
1878 [47, 47, 1]
1666 [25, 45, 1]
1877 [47, 47, 1]
6300 [94, 45, 1]
1890 [33, 51, 1]
81 [52, 56, 1]
1829 [34, 47, 1]
19064 [49, 53, 1]
10813 [60, 47, 1]
897 [53, 65, 1]
1826 [37, 45, 1]
1815 [42, 45, 1]
1593 [21, 46, 1]
16512 [82, 23, 1]
2200 [22, 45, 1]
1676 [21, 46, 1]
1592 [19, 46, 1]
5639 [71, 20, 1]
896 [54, 65, 1]
2310 [63, 35, 1]
267 [40, 55, 1]
10788 [50, 57, 1]
1837 [34, 48, 1]
5638 [73, 21, 1]
1825 [36, 45, 1]
20 [51, 57, 1]
1850 [39, 48, 1]
1823 [38, 44, 1]
2004 [23, 46, 1]
158 [53, 59, 1]
5766 [57, 21, 1]
10519 [67, 27, 1]
10804 [5, 43, 1]
43 [51, 57, 1]
22 [52, 57, 1]
29 [54, 59, 1]
1812 [42, 46, 1]
273 [43, 57, 1]
1583 [18, 44, 1]
1944 [37, 53, 1]
10185 [70, 48, 1]
10789 [51, 57, 1]
1806 [41, 47, 1]
1836 [33, 47, 1]
32 [54, 59, 1]
1810 [44, 46, 1]
1951 [36, 53, 1]
10820 [73, 29, 1]
1695 [27, 46, 1]
10316 [26, 48, 1]
1811 [43, 46, 1]
10822 [82, 23, 1]
1721 [30, 47, 1]
1817 [40, 45, 1]
1838 [34, 48, 1]
272 [42, 56, 1]
25 [53, 58, 1]
1818 [41, 45, 1]
266 [39, 55, 1]
10079 [45, 54, 1]
271 [41, 56, 1]
10792 [48, 58, 1]
1835 [34, 47, 1]
1804 [41, 48, 1]
1061 [42, 53, 1]
2556 [86, 47, 1]
27 [54, 58, 1]
1052 [39, 52, 1]
16502 [82, 24, 1]
5840 [67, 6, 1]
1694 [26, 46, 1]
1146 [44, 50, 1]
19051 [54, 51, 1]
1824 [38, 45, 1]
1101 [45, 54, 1]
1809 [43, 46, 1]
4616 [12, 48, 1]
1047 [42, 54, 1]
1330 [40, 52, 1]
884 [47, 63, 1]
1841 [36, 49, 1]
1704 [29, 45, 1]
36 [52, 58, 1]
3071 [64, 46, 1]
1821 [38, 44, 1]
34 [53, 58, 1]
16514 [82, 23, 1]
1854 [35, 49, 1]
10432 [39, 44, 1]
10818 [69, 36, 1]
1045 [42, 54, 1]
1846 [37, 48, 1]
10949 [68, 19, 1]
10819 [73, 29, 1]
1329 [39, 51, 1]
1145 [46, 50, 1]
1046 [42, 54, 1]
10493 [46, 51, 1]
10816 [60, 42, 1]
1132 [39, 50, 1]
1696 [27, 45, 1]
1077 [46, 55, 1]
1178 [53, 47, 1]
156 [54, 59, 1]
1051 [40, 52, 1]
1167 [49, 49, 1]
1055 [37, 50, 1]
2561 [78, 48, 1]
1565 [13, 42, 1]
10793 [48, 58, 1]
1172 [50, 48, 1]
5731 [70, 15, 1]
1803 [42, 48, 1]
1682 [26, 48, 1]
1855 [35, 49, 1]
10487 [47, 51, 1]
4720 [11, 43, 1]
1723 [30, 47, 1]
1845 [36, 48, 1]
1681 [26, 48, 1]
2307 [63, 36, 1]
2223 [81, 33, 1]
10824 [93, 18, 1]
10815 [60, 42, 1]
1049 [41, 53, 1]
1698 [27, 45, 1]
15753 [72, 16, 1]
4713 [6, 39, 1]
1840 [34, 49, 1]
1842 [34, 49, 1]
19052 [50, 53, 1]
1143 [43, 51, 1]
1163 [48, 50, 1]
1171 [51, 48, 1]
4613 [12, 47, 1]
1819 [39, 44, 1]
1164 [48, 50, 1]
19050 [56, 51, 1]
5804 [68, 6, 1]
4722 [12, 45, 1]
1946 [36, 52, 1]
1640 [29, 45, 1]
1078 [46, 55, 1]
1563 [15, 42, 1]
1849 [40, 48, 1]
891 [51, 64, 1]
1050 [40, 53, 1]
1820 [39, 44, 1]
108 [52, 55, 1]
3091 [61, 47, 1]
1168 [48, 49, 1]
1331 [40, 52, 1]
893 [46, 61, 1]
1080 [45, 54, 1]
1169 [50, 48, 1]
4759 [1, 41, 1]
10376 [10, 43, 1]
10192 [13, 44, 1]
1175 [52, 47, 1]
33 [54, 59, 1]
45 [51, 57, 1]
4911 [51, 38, 1]
3748 [56, 42, 1]
11133 [70, 79, 1]
61018 [84, 77, 1]
4941 [60, 26, 1]
5526 [56, 28, 1]
4809 [51, 35, 1]
4918 [55, 41, 1]
3055 [60, 48, 1]
3765 [63, 46, 1]
6470 [84, 26, 1]
6578 [99, 29, 1]
5683 [69, 18, 1]
5722 [62, 16, 1]
5686 [68, 18, 1]
5642 [74, 19, 1]
5943 [91, 56, 1]
1643 [93, 60, 1]
19079 [51, 42, 1]
10700 [38, 50, 1]
10817 [69, 36, 1]
1328 [38, 51, 1]
1076 [45, 54, 1]
1720 [32, 46, 1]
1149 [43, 51, 1]
144 [53, 57, 1]
1722 [29, 47, 1]
1048 [41, 54, 1]
10486 [48, 50, 1]
50 [53, 56, 1]
1174 [52, 47, 1]
5644 [72, 18, 1]
106 [48, 57, 1]
1685 [29, 47, 1]
6549 [74, 25, 1]
1584 [17, 44, 1]
4705 [5, 40, 1]
1600 [18, 44, 1]
89 [53, 57, 1]
1134 [41, 51, 1]
5635 [73, 21, 1]
1688 [28, 47, 1]
1683 [28, 47, 1]
1839 [34, 49, 1]
1232 [30, 48, 1]
1561 [16, 42, 1]
5602 [73, 23, 1]
10900 [55, 82, 1]
1599 [15, 45, 1]
1150 [42, 50, 1]
1053 [39, 50, 1]
10384 [35, 50, 1]
1133 [40, 50, 1]
4 [53, 59, 1]
4770 [21, 49, 1]
1754 [26, 48, 1]
14101 [8, 40, 1]
1234 [37, 47, 1]
4704 [3, 41, 1]
469 [55, 69, 1]
1718 [33, 47, 1]
1753 [29, 49, 1]
1142 [42, 51, 1]
123 [53, 55, 1]
1560 [18, 43, 1]
1170 [49, 48, 1]
5761 [70, 14, 1]
1597 [14, 46, 1]
125 [48, 58, 1]
1235 [38, 47, 1]
1705 [29, 45, 1]
1128 [39, 50, 1]
1717 [32, 47, 1]
1724 [29, 47, 1]
5643 [73, 18, 1]
11272 [56, 75, 1]
1949 [35, 52, 1]
1707 [32, 45, 1]
141 [52, 58, 1]
3943 [54, 87, 1]
11270 [57, 76, 1]
10377 [10, 41, 1]
470 [55, 69, 1]
1805 [41, 47, 1]
4614 [12, 47, 1]
1233 [30, 48, 1]
6291 [94, 45, 1]
3343 [58, 97, 1]
1807 [42, 46, 1]
10251 [37, 54, 1]
186 [51, 60, 1]
15764 [71, 17, 1]
1744 [28, 49, 1]
11271 [57, 75, 1]
1692 [27, 46, 1]
10821 [82, 23, 1]
1689 [27, 47, 1]
4712 [5, 39, 1]
892 [47, 61, 1]
1686 [27, 47, 1]
889 [48, 63, 1]
1054 [39, 50, 1]
5817 [69, 10, 1]
185 [50, 60, 1]
6521 [74, 25, 1]
1697 [27, 45, 1]
140 [52, 59, 1]
1867 [31, 48, 1]
1708 [30, 45, 1]
4760 [1, 41, 1]
5803 [70, 10, 1]
1719 [31, 46, 1]
5815 [68, 9, 1]
268 [40, 55, 1]
1760 [26, 50, 1]
1662 [27, 44, 1]
11269 [57, 76, 1]
10190 [70, 48, 1]
3342 [59, 97, 1]
1693 [27, 46, 1]
5760 [71, 13, 1]
10200 [71, 12, 1]
5805 [69, 9, 1]
5603 [74, 23, 1]
3934 [55, 87, 1]
890 [52, 64, 1]
1687 [28, 47, 1]
14100 [8, 39, 1]
3364 [59, 100, 1]
3340 [58, 95, 1]
5723 [63, 17, 1]
5721 [62, 17, 1]
5581 [61, 24, 1]
5595 [60, 21, 1]
2581 [86, 47, 1]
3421 [58, 91, 1]
4703 [3, 42, 1]
1870 [31, 48, 1]
1684 [28, 47, 1]
2576 [79, 49, 1]
1135 [41, 51, 1]
6338 [92, 32, 1]
3072 [62, 47, 1]
3870 [55, 82, 1]
4721 [10, 44, 1]
1761 [26, 50, 1]
3001 [65, 46, 1]
1591 [16, 44, 1]
1129 [39, 50, 1]
3376 [60, 99, 1]
1236 [40, 47, 1]
1869 [33, 48, 1]
1868 [31, 48, 1]
1237 [42, 47, 1]
3940 [55, 88, 1]
1044 [42, 55, 1]
10201 [70, 12, 1]
3935 [55, 88, 1]
1710 [31, 45, 1]
4076 [57, 91, 1]
4733 [9, 43, 1]
1186 [53, 48, 1]
3724 [54, 45, 1]
3786 [57, 41, 1]
19062 [57, 51, 1]
583 [49, 61, 1]
4769 [22, 49, 1]
3351 [59, 98, 1]
4771 [20, 48, 1]
3337 [58, 95, 1]
1690 [27, 47, 1]
10901 [57, 92, 1]
10823 [93, 18, 1]
4772 [21, 48, 1]
4732 [8, 42, 1]
6354 [94, 32, 1]
6582 [99, 30, 1]
6576 [95, 27, 1]
6572 [93, 27, 1]
5618 [78, 20, 1]
1730 [23, 48, 1]
5757 [73, 15, 1]
1714 [34, 46, 1]
10245 [33, 48, 1]
10838 [82, 27, 1]
6548 [79, 27, 1]
1580 [19, 43, 1]
4756 [3, 42, 1]
1728 [22, 49, 1]
3350 [59, 98, 1]
4753 [1, 42, 1]
1726 [24, 50, 1]
10902 [58, 92, 1]
10246 [34, 48, 1]
1725 [23, 50, 1]
1585 [15, 43, 1]
2269 [70, 35, 1]
2236 [80, 34, 1]
5566 [58, 21, 1]
1883 [47, 47, 1]
582 [73, 34, 1]
6358 [82, 33, 1]
1582 [17, 44, 1]
1059 [42, 53, 1]
1715 [33, 46, 1]
1709 [33, 45, 1]
4754 [2, 42, 1]
1729 [23, 49, 1]
1741 [23, 48, 1]
1758 [25, 50, 1]
1757 [25, 50, 1]
1590 [16, 44, 1]
2299 [66, 35, 1]
2386 [79, 37, 1]
579 [73, 35, 1]
6443 [83, 35, 1]
1713 [33, 45, 1]
1586 [15, 43, 1]
1587 [14, 43, 1]
1756 [25, 50, 1]
1589 [13, 43, 1]
1588 [12, 43, 1]
6558 [92, 25, 1]
561 [51, 61, 1]
1759 [24, 50, 1]
10374 [13, 43, 1]
1731 [23, 48, 1]
1740 [21, 48, 1]
4652 [10, 43, 1]
4653 [8, 42, 1]
14103 [10, 43, 1]
6577 [99, 29, 1]
39 [52, 58, 1]
1727 [22, 49, 1]
2420 [68, 42, 1]
578 [50, 61, 1]
2565 [64, 49, 1]
10380 [0, 41, 1]
6313 [92, 39, 1]
6476 [88, 25, 1]
6278 [96, 42, 1]
5624 [78, 24, 1]
67 [55, 60, 1]
10943 [47, 33, 1]
2377 [73, 39, 1]
6453 [90, 35, 1]
4755 [4, 42, 1]
46 [50, 57, 1]
13030 [95, 34, 1]
2431 [67, 43, 1]
4757 [2, 41, 1]
3124 [89, 28, 1]
5206 [47, 16, 1]
10195 [92, 44, 1]
10133 [34, 47, 1]
6425 [89, 36, 1]
6362 [93, 31, 1]
6528 [85, 39, 1]
6346 [93, 34, 1]
6583 [100, 30, 1]
2427 [73, 44, 1]
13081 [95, 20, 1]
204 [57, 62, 1]
1769 [25, 51, 1]
10306 [66, 25, 1]
4714 [5, 39, 1]
10939 [78, 49, 1]
1776 [26, 51, 1]
3768 [63, 45, 1]
4860 [42, 37, 1]
6298 [96, 45, 1]
4892 [50, 36, 1]
1952 [31, 65, 1]
6242 [88, 45, 1]
4841 [43, 41, 1]
2249 [71, 33, 1]
12 [53, 58, 1]
4640 [0, 23, 1]
10790 [50, 58, 1]
5999 [100, 49, 1]
6249 [91, 43, 1]
6479 [83, 28, 1]
1834 [32, 47, 1]
1614 [25, 40, 1]
5902 [95, 49, 1]
2524 [42, 100, 1]
10324 [35, 51, 1]
10985 [46, 30, 1]
1501 [25, 64, 1]
19065 [59, 51, 1]
5230 [50, 18, 1]
2580 [86, 48, 1]
4808 [52, 34, 1]
5610 [78, 24, 1]
10188 [86, 47, 1]
1764 [31, 49, 1]
10530 [48, 41, 1]
3054 [61, 49, 1]
919 [51, 56, 1]
10657 [100, 41, 1]
5996 [84, 49, 1]
3553 [65, 93, 1]
6361 [75, 30, 1]
13066 [49, 45, 1]
563 [52, 61, 1]
6311 [91, 39, 1]
10746 [59, 0, 1]
5739 [66, 14, 1]
2411 [76, 40, 1]
218 [56, 61, 1]
1004 [52, 57, 1]
1006 [52, 57, 1]
3723 [55, 45, 1]
11342 [68, 0, 1]
5900 [92, 49, 1]
6529 [85, 39, 1]
5395 [37, 31, 1]
2469 [73, 46, 1]
2 [48, 58, 1]
3721 [55, 44, 1]
571 [50, 60, 1]
1636 [25, 41, 1]
4585 [5, 44, 1]
